.Random.seed <-
c(403L, 10L, -995792242L, -2107638279L, 788512651L, -1623163974L, 
1344561852L, 1268546047L, 1530046293L, 1210065004L, 1511584962L, 
1239129885L, -1247439465L, 96044286L, -2122592584L, -1511673701L, 
2004827897L, 1623822408L, 777511798L, -832440655L, 631477987L, 
1173005746L, 1270369796L, 329917767L, 871718941L, -2113935724L, 
-915526086L, -725868411L, 97068383L, -1730359834L, 688890992L, 
1072215955L, 1224409137L, 870698720L, -1318721666L, -1010655735L, 
740439611L, 946915338L, -1851050004L, -1586004881L, -1425943643L, 
-778357924L, -2031042766L, 1157738029L, 499213543L, 1653433870L, 
-116933656L, -665057813L, 1783697033L, -519840232L, -198257338L, 
-2053520479L, 1381969459L, -820673630L, -1843194220L, -884312809L, 
-53292275L, -465436124L, -413578742L, 385299317L, 767039183L, 
-1613153834L, -77474432L, 472370627L, -596989087L, -1397280304L, 
407906606L, 56553689L, -432076053L, 456595290L, 862458140L, -464373729L, 
1891255413L, -25976564L, 763227362L, 1656284605L, 272020023L, 
-5562146L, 903023640L, 469955451L, -1919630567L, -184475736L, 
367640406L, -173357103L, 1956975491L, 1798772242L, 1601630628L, 
20440423L, -1177482563L, -1435596236L, -1884073574L, 1008217573L, 
-783701633L, -1076346618L, 2146826896L, 1311124275L, -102297391L, 
1535148672L, -1202932898L, -357064535L, -1041046693L, 963236202L, 
1210872844L, 1816663119L, -2017041147L, -109754948L, -2092969838L, 
564331405L, -548424761L, -1387394898L, -118716152L, -662112501L, 
-1327722007L, -2066934088L, 281190758L, -1487691263L, -964813677L, 
-527710398L, 843782388L, 780162295L, -856298259L, 312360836L, 
-1236643414L, 9438997L, -591522385L, 1263926710L, -1124744224L, 
1661782819L, -1271714751L, 161095472L, -956887730L, 490868665L, 
-948500021L, 256666234L, -357539972L, 961884095L, 1345919125L, 
-803993940L, -456403838L, 745460829L, 1325759319L, 444950078L, 
-1027790216L, -839992997L, -1740801863L, -49465080L, 1504406454L, 
713959665L, 117423907L, 1242442098L, -1284547644L, -1352575097L, 
1750302045L, 81466196L, -439875206L, -1622244155L, -562219489L, 
-876895834L, -718974160L, 171745747L, 1400899569L, 1729421600L, 
-1330151490L, 1527779273L, 1855750011L, 1143866698L, 1701876140L, 
-1950806865L, -209480091L, 150531612L, -1822719886L, -1893394707L, 
446864167L, -1234577586L, -1737367640L, -1488729173L, 441305289L, 
-2064281384L, 1117965702L, -1022778271L, 1846404595L, 481141858L, 
675668692L, -1224367145L, -1373849139L, 899640676L, -240137910L, 
1370001589L, -1779861489L, -238661354L, -1030444096L, -929896573L, 
-136247903L, -43791984L, 1131000430L, -1850711015L, 406296747L, 
-1883083622L, -697717668L, 197671263L, 962333493L, 1022693068L, 
-1422099422L, -1115668867L, -2110782601L, 2035457182L, 1689004888L, 
864292539L, -660443047L, 836137960L, 530732566L, -2014987887L, 
-526722493L, 418928978L, -617460252L, -1939762137L, -154500995L, 
-2015081100L, 1335140698L, 1215350693L, -1594988609L, 184409158L, 
307284688L, -1845267213L, 1922716177L, 64824384L, -1630189538L, 
-830916887L, -2141363173L, -1547849780L, 223019772L, 1516975602L, 
909954176L, 1762793716L, -578200952L, 1978002234L, -326088880L, 
2110134892L, -24979308L, -1926405806L, -1301399840L, -1627306292L, 
1433151648L, 52094850L, -1026275608L, 1652616940L, 1458171964L, 
1443178098L, -656288656L, 1666574884L, -1319069640L, 1900277786L, 
427812560L, -714671044L, 980741268L, 1837222018L, 629395392L, 
1749408060L, -1464912240L, 607428642L, -409315320L, -889975668L, 
1376588828L, 208857746L, -102354816L, -1721043948L, 644499752L, 
-1617106374L, 1608561872L, -560548756L, -543031628L, 2082785298L, 
-1070782496L, -1296198708L, 1097551328L, 1105232418L, 905329960L, 
-1860160244L, 302394940L, 778805490L, 638201584L, -1632415932L, 
800439896L, -1865016774L, 973692656L, -684371780L, -1856167404L, 
1099474114L, 147305568L, -583606916L, -1391623984L, -186665950L, 
1599925928L, 203637644L, -47260228L, -1083421646L, -1960941760L, 
1962865844L, 1585309512L, 1719466682L, 1960664848L, 294481132L, 
-1198189484L, 2054016786L, 727746464L, 1893569484L, -273841312L, 
-1602808638L, 88954408L, 1403827628L, 1030753084L, 111908722L, 
-445769936L, 453252644L, -713313224L, -1194487590L, 21226896L, 
-73667844L, -1265065068L, -490854590L, 459410944L, 1088132668L, 
-1217177008L, -700438878L, -1617607864L, -1205472756L, 508782812L, 
-1059771822L, -612691840L, 353217364L, -1634732568L, -1436958982L, 
592702288L, -1030382548L, -257382028L, -205924718L, 495963744L, 
-1617992052L, 204785504L, -736875806L, 2089676968L, 988228812L, 
196411900L, -541159502L, 4983280L, 558519748L, -508634280L, -1581256838L, 
-2120481360L, -1474239044L, -1556749228L, -2129160254L, -1936410848L, 
-1622578244L, -1593899440L, -1438463518L, -552368792L, -1561821876L, 
-241928964L, -131241230L, -1545567488L, -864096652L, -1546341368L, 
659392954L, 1845105616L, -1938512404L, -1105719404L, 96935634L, 
-506078624L, -954516148L, 1485058336L, -1206825342L, 1550247400L, 
2046231532L, -1340032452L, 992544370L, -1230365840L, -1010249436L, 
897479224L, 1770682778L, -652325424L, -1718219332L, 1678496916L, 
-1825589118L, 2017738176L, -1261899972L, -355721072L, 1684089634L, 
-445199864L, -889812724L, -183293540L, 803957266L, -788672640L, 
494521108L, 1633763624L, -1424799686L, -195314736L, -1728024980L, 
1929286196L, 812246674L, 2003549536L, -256849588L, 2045219808L, 
1335329186L, 51321256L, 204953228L, 2075639228L, 13701746L, -1298027536L, 
596918852L, 312078424L, -1744231366L, -354691984L, -2139003844L, 
-435829484L, -115881278L, 18380512L, -1086780292L, 1289063120L, 
-1826616926L, 1818147880L, 269838092L, 1335233980L, 591284018L, 
1880166080L, -1940623308L, -689811768L, 1646053562L, -2052824432L, 
-6832404L, 766900820L, -1204965742L, -1725444832L, 722257356L, 
-1273221408L, -113474366L, -611419096L, 803173292L, 1245097660L, 
-473589774L, -1778066896L, -1814445148L, 1014173112L, -780054694L, 
2123112592L, 966528892L, -1299639020L, -1940420286L, -487500544L, 
1656267196L, 1777681744L, 1095225634L, -773115320L, -2002172916L, 
225776220L, -1513904686L, 192183782L, 1100166372L, -1164375019L, 
434932799L, -304733224L, -699157002L, -1491831293L, -2024492731L, 
-410798750L, -776780080L, 976019961L, -148373205L, 1205013148L, 
47390922L, -440186433L, -1791099639L, -81871330L, 344499148L, 
-1573981795L, -2144973785L, -390778288L, -1418158354L, -1943595109L, 
1542432253L, 678582506L, 1375660936L, -745970383L, 2139184547L, 
-156489308L, -1757107118L, -59451481L, -413408271L, 2119472950L, 
1464431572L, -844228251L, -1787992721L, 347977640L, 746536198L, 
416678963L, 1731060373L, 126522098L, -302064832L, -197218135L, 
-1464781541L, 794415852L, 1835798266L, -1145356497L, 989757241L, 
1059078478L, 446226332L, -598766323L, 366925687L, 1275417472L, 
758974942L, 2039246507L, 1350889901L, 981976602L, -2111612712L, 
-1680825023L, 2033946099L, 1263008788L, -1887829598L, 1096840887L, 
1319248001L, -1299720058L, -742347580L, 72288757L, -2036308897L, 
-947497288L, 1643820950L, -266252893L, 1419743589L, -2131388286L, 
-2105503248L, -1010030695L, 839647627L, -851985284L, -2069080406L, 
1734529247L, 336311913L, -977148802L, 1600154732L, -1676481347L, 
-489560697L, -458030736L, -166898L, 1143310651L, 1744688669L, 
1089022666L, -265722392L, 1952099025L, 670332611L, -1196376636L, 
-776430990L, 1698956103L, -1149977839L, 1539581590L, 890321908L, 
211813765L, -288401201L, -1117916728L, -321687450L, 1060906643L, 
73577973L, 1499531218L, -1377299424L, 1501136393L, 1443651387L, 
2124403340L, 611190554L, 1643170191L, 1908172505L, -937055890L, 
1083487484L, 328781421L, 160991767L, -712654880L, -2104427586L, 
2045073803L, -21902835L, 1271965242L, -231076232L, 986834465L, 
-334890797L, 1824163828L, -1419030398L, 374229271L, -706428959L, 
731584806L, -533170140L, 291543765L, -1889884545L, 1056974616L, 
-1659525578L, -561776445L, 895423749L, 1898470562L, -690699632L, 
-1012740551L, -109515029L, 1559932892L, 356135434L, 190993663L, 
1798472009L, -1666288930L, -2044829556L, -1644054435L, -470501785L, 
